0 1 
0 2 
0 3 
0 4 
0 5 
0 6 
0 7 
0 8 
0 9 
0 10 
0 11 
0 12 
0 13 
0 14 
0 15 
0 16 
0 17 
0 18 
0 19 
0 20 
0 21 
0 22 
0 23 
0 24 
0 25 
0 26 
0 27 
0 28 
0 29 
0 30 
0 31 
0 32 
0 33 
0 34 
0 35 
0 36 
0 37 
0 38 
0 39 
0 40 
0 41 
0 42 
0 43 
0 44 
0 45 
0 46 
0 47 
0 48 
0 49 
0.000999 50 
0 51 
0 52 
0 53 
0 54 
0 55 
0 56 
0 57 
0.001 58 
0 59 
0 60 
0 61 
0 62 
0 63 
0 64 
0.001 65 
0 66 
0 67 
0 68 
0 69 
0 70 
0.001 71 
0 72 
0 73 
0 74 
0 75 
0.001 76 
0 77 
0 78 
0 79 
0.001 80 
0 81 
0 82 
0 83 
0.001 84 
0 85 
0 86 
0.001 87 
0 88 
0 89 
0 90 
0.001 91 
0 92 
0 93 
0.001001 94 
0 95 
0 96 
0.000999 97 
0 98 
0.001 99 
0 100 
0 101 
0 102 
0 103 
0.001 104 
0 105 
0.001 106 
0 107 
0.000999 108 
0 109 
0 110 
0 111 
0 112 
0.000998 113 
0 114 
0.001 115 
0 116 
0.001 117 
0 118 
0.001002 119 
0 120 
0.001 121 
0 122 
0.001 123 
0 124 
0.001 125 
0 126 
0.001 127 
0 128 
0.001 129 
0 130 
0 131 
0.001 132 
0 133 
0.001 134 
0.001 135 
0 136 
0.001 137 
0 138 
0 139 
0.000998 140 
0 141 
0 142 
0.000998 143 
0.000502 144 
0.001003 145 
0 146 
0 147 
0.000998 148 
0.001 149 
0 150 
0.001 151 
0.001 152 
0.001 153 
0.001 154 
0 155 
0.001 156 
0.001 157 
0.001001 158 
0.000999 159 
0.001 160 
0 161 
0 162 
0.000997 163 
0.001 164 
0.001 165 
0.001135 166 
0.000994 167 
0.001003 168 
0.001896 169 
0.001078 170 
0.002018 171 
0.000989 172 
0.001011 173 
0.002007 174 
0.00103 175 
0.000989 176 
0.000978 177 
0.000991 178 
0.001002 179 
0.000991 180 
0.001004 181 
0.001013 182 
0.000994 183 
0.000996 184 
0.001004 185 
0.00102 186 
0.001018 187 
0.00098 188 
0.001015 189 
0.000992 190 
0.000993 191 
0.001013 192 
0.000972 193 
0.002003 194 
0.002001 195 
0.001013 196 
0.000997 197 
0.002 198 
0.002015 199 
0.000995 200 
0.000989 201 
0.00099 202 
0.002019 203 
0.001994 204 
0.001001 205 
0.001975 206 
0.001009 207 
0.002014 208 
0.000989 209 
0.000999 210 
0.000999 211 
0.001001 212 
0.002097 213 
0.001003 214 
0.001993 215 
0.000999 216 
0.00101 217 
0.000992 218 
0.002014 219 
0.000975 220 
0.002006 221 
0.001 222 
0.001582 223 
0.003103 224 
0.003016 225 
0.001999 226 
0.00195 227 
0.002018 228 
0.003024 229 
0.002989 230 
0.001998 231 
0.001974 232 
0.000999 233 
0.00199 234 
0.002009 235 
0.002026 236 
0.001994 237 
0.00098 238 
0.001996 239 
0.002011 240 
0.001986 241 
0.002047 242 
0.001972 243 
0.002986 244 
0.001037 245 
0.00101 246 
0.000979 247 
0.002011 248 
0.002019 249 
0.001972 250 
0.004019 251 
0.002994 252 
0.002029 253 
0.001965 254 
0.002005 255 
0.001992 256 
0.003021 257 
0.001989 258 
0.002 259 
0.001984 260 
0.002109 261 
0.002013 262 
0.002016 263 
0.002001 264 
0.003026 265 
0.002996 266 
0.003723 267 
0.001986 268 
0.002 269 
0.003031 270 
0.002991 271 
0.001993 272 
0.002008 273 
0.001989 274 
0.002024 275 
0.003011 276 
0.002999 277 
0.001976 278 
0.002983 279 
0.001995 280 
0.002005 281 
0.003026 282 
0.00399 283 
0.002977 284 
0.001998 285 
0.001998 286 
0.003004 287 
0.003027 288 
0.003935 289 
0.002987 290 
0.003012 291 
0.004027 292 
0.003996 293 
0.003009 294 
0.002986 295 
0.002987 296 
0.005008 297 
0.003784 298 
0.004001 299 
0.003971 300 
0.002998 301 
0.004024 302 
0.003004 303 
0.001999 304 
0.003007 305 
0.002968 306 
0.003002 307 
0.003011 308 
0.002975 309 
0.004022 310 
0.003995 311 
0.002987 312 
0.002993 313 
0.004026 314 
0.003007 315 
0.002996 316 
0.002973 317 
0.003002 318 
0.004008 319 
0.005966 320 
0.003115 321 
0.00299 322 
0.002998 323 
0.003996 324 
0.002732 325 
0.003001 326 
0.004 327 
0.004991 328 
0.004012 329 
0.002995 330 
0.004003 331 
0.004984 332 
0.004013 333 
0.003011 334 
0.003003 335 
0.004017 336 
0.002998 337 
0.003987 338 
0.002996 339 
0.003992 340 
0.004011 341 
0.003003 342 
0.003995 343 
0.002988 344 
0.005038 345 
0.004963 346 
0.003092 347 
0.003995 348 
0.005041 349 
0.002575 350 
0.003027 351 
0.003975 352 
0.003989 353 
0.004 354 
0.00401 355 
0.004048 356 
0.007988 357 
0.003964 358 
0.003992 359 
0.004013 360 
0.003991 361 
0.004001 362 
0.004997 363 
0.005997 364 
0.005012 365 
0.004009 366 
0.003985 367 
0.003972 368 
0.004106 369 
0.003989 370 
0.003993 371 
0.002999 372 
0.003721 373 
0.003995 374 
0.006985 375 
0.007009 376 
0.008989 377 
0.003972 378 
0.004002 379 
0.005849 380 
0.006001 381 
0.008105 382 
0.005991 383 
0.006897 384 
0.00523 385 
0.003991 386 
0.007002 387 
0.005118 388 
0.00899 389 
0.008024 390 
0.007001 391 
0.00701 392 
0.005967 393 
0.006002 394 
0.005012 395 
0.006991 396 
0.006036 397 
0.006006 398 
0.010966 399 
0.00811 400 
0.00716 401 
0.008616 402 
0.008647 403 
0.008278 404 
0.008927 405 
0.008998 406 
0.00878 407 
0.009333 408 
0.007103 409 
0.008558 410 
0.009064 411 
0.008193 412 
0.007414 413 
0.009144 414 
0.006192 415 
0.006567 416 
0.005003 417 
0.005 418 
0.006491 419 
0.008102 420 
0.008011 421 
0.009983 422 
0.008005 423 
0.00612 424 
0.006007 425 
0.007591 426 
0.007105 427 
0.005979 428 
0.005004 429 
0.004992 430 
0.007971 431 
0.00599 432 
0.005992 433 
0.006002 434 
0.009888 435 
0.008 436 
0.008109 437 
0.008091 438 
0.006981 439 
0.005707 440 
0.007 441 
0.004984 442 
0.004991 443 
0.009023 444 
0.00597 445 
0.006006 446 
0.006017 447 
0.005977 448 
0.006 449 
0.005995 450 
0.008016 451 
0.006998 452 
0.006101 453 
0.005983 454 
0.009764 455 
0.005974 456 
0.005 457 
0.007008 458 
0.007991 459 
0.007004 460 
0.00599 461 
0.006002 462 
0.008017 463 
0.006002 464 
0.008999 465 
0.007084 466 
0.006989 467 
0.005704 468 
0.005999 469 
0.005999 470 
0.007007 471 
0.007989 472 
0.005999 473 
0.010005 474 
0.005997 475 
0.010995 476 
0.00804 477 
0.011009 478 
0.007121 479 
0.006967 480 
0.006679 481 
0.006993 482 
0.007007 483 
0.009022 484 
0.009002 485 
0.006971 486 
0.007009 487 
0.010016 488 
0.008988 489 
0.007007 490 
0.012018 491 
0.006025 492 
0.007089 493 
0.00703 494 
0.009953 495 
0.007989 496 
0.008012 497 
0.008993 498 
0.007014 499 
0.007018 500 
0.006992 501 
0.010144 502 
0.008006 503 
0.006996 504 
0.007507 505 
0.007999 506 
0.009006 507 
0.013997 508 
0.01602 509 
0.010071 510 
0.008019 511 
0.008087 512 
0.007682 513 
0.007066 514 
0.00699 515 
0.01192 516 
0.008994 517 
0.008001 518 
0.009481 519 
0.009 520 
0.007997 521 
0.008008 522 
0.011003 523 
0.009604 524 
0.007986 525 
0.008922 526 
0.007996 527 
0.009094 528 
0.007987 529 
0.009925 530 
0.00923 531 
0.00797 532 
0.008003 533 
0.008504 534 
0.011112 535 
0.009975 536 
0.009012 537 
0.009906 538 
0.008992 539 
0.009 540 
0.008999 541 
0.010007 542 
0.00803 543 
0.007992 544 
0.008539 545 
0.008999 546 
0.009985 547 
0.012997 548 
0.009002 549 
0.014286 550 
0.008006 551 
0.009001 552 
0.011091 553 
0.008677 554 
0.007981 555 
0.008977 556 
0.012957 557 
0.010001 558 
0.011 559 
0.010999 560 
0.010003 561 
0.009003 562 
0.012659 563 
0.009905 564 
0.010014 565 
0.010024 566 
0.012357 567 
0.010994 568 
0.01 569 
0.012117 570 
0.010973 571 
0.009999 572 
0.010006 573 
0.009998 574 
0.009999 575 
0.010003 576 
0.012359 577 
0.010002 578 
0.010004 579 
0.014014 580 
0.01266 581 
0.01 582 
0.009997 583 
0.009997 584 
0.010011 585 
0.008994 586 
0.010005 587 
0.009995 588 
0.010973 589 
0.013007 590 
0.01259 591 
0.009993 592 
0.013003 593 
0.009994 594 
0.009898 595 
0.010088 596 
0.009994 597 
0.010107 598 
0.010983 599 
0.010704 600 
0.011023 601 
0.010982 602 
0.014911 603 
0.011996 604 
0.013006 605 
0.011083 606 
0.010118 607 
0.010706 608 
0.012895 609 
0.011989 610 
0.011999 611 
0.011 612 
0.012 613 
0.014006 614 
0.012123 615 
0.012634 616 
0.015875 617 
0.01308 618 
0.010993 619 
0.013097 620 
0.010979 621 
0.011033 622 
0.014415 623 
0.010999 624 
0.010999 625 
0.014001 626 
0.013087 627 
0.013926 628 
0.017015 629 
0.014007 630 
0.014211 631 
0.014373 632 
0.014573 633 
0.013212 634 
0.012973 635 
0.012763 636 
0.016954 637 
0.019493 638 
0.016692 639 
0.013348 640 
0.013999 641 
0.012087 642 
0.013388 643 
0.01351 644 
0.015 645 
0.014108 646 
0.014874 647 
0.011999 648 
0.01409 649 
0.012099 650 
0.012249 651 
0.018889 652 
0.011992 653 
0.014109 654 
0.014971 655 
0.013012 656 
0.013106 657 
0.014518 658 
0.012083 659 
0.012917 660 
0.012078 661 
0.014915 662 
0.015082 663 
0.015507 664 
0.013 665 
0.019106 666 
0.011999 667 
0.021603 668 
0.015287 669 
0.015694 670 
0.013022 671 
0.014007 672 
0.012989 673 
0.012913 674 
0.015996 675 
0.014102 676 
0.015526 677 
0.012999 678 
0.014004 679 
0.012997 680 
0.015995 681 
0.017 682 
0.013005 683 
0.019008 684 
0.012997 685 
0.013077 686 
0.014997 687 
0.015401 688 
0.014047 689 
0.019817 690 
0.013997 691 
0.013992 692 
0.013997 693 
0.015998 694 
0.019004 695 
0.01763 696 
0.01419 697 
0.014005 698 
0.01398 699 
0.014921 700 
0.017007 701 
0.016501 702 
0.017078 703 
0.019007 704 
0.017436 705 
0.014021 706 
0.015014 707 
0.023624 708 
0.015001 709 
0.013991 710 
0.018001 711 
0.015194 712 
0.01638 713 
0.017117 714 
0.016004 715 
0.015933 716 
0.021078 717 
0.015107 718 
0.015999 719 
0.017087 720 
0.014952 721 
0.018573 722 
0.014529 723 
0.015013 724 
0.016597 725 
0.018 726 
0.017996 727 
0.021997 728 
0.017987 729 
0.020609 730 
0.014999 731 
0.017002 732 
0.018001 733 
0.018965 734 
0.01862 735 
0.017973 736 
0.016005 737 
0.020064 738 
0.015996 739 
0.01887 740 
0.019915 741 
0.016002 742 
0.020001 743 
0.019229 744 
0.019765 745 
0.020072 746 
0.016004 747 
0.015986 748 
0.02292 749 
0.020098 750 
0.019208 751 
0.015906 752 
0.015996 753 
0.020351 754 
0.017014 755 
0.01985 756 
0.020996 757 
0.017001 758 
0.020997 759 
0.023293 760 
0.025492 761 
0.021824 762 
0.018821 763 
0.023802 764 
0.021116 765 
0.018946 766 
0.019326 767 
0.017995 768 
0.017002 769 
0.019637 770 
0.018966 771 
0.017899 772 
0.020995 773 
0.020867 774 
0.017002 775 
0.020909 776 
0.019992 777 
0.017999 778 
0.023728 779 
0.018001 780 
0.024039 781 
0.020022 782 
0.017022 783 
0.018532 784 
0.020999 785 
0.020998 786 
0.020983 787 
0.021003 788 
0.02256 789 
0.018066 790 
0.018035 791 
0.020973 792 
0.025075 793 
0.021084 794 
0.021677 795 
0.018994 796 
0.01818 797 
0.018689 798 
0.018002 799 
0.024924 800 
0.020993 801 
0.02035 802 
0.018602 803 
0.018076 804 
0.021917 805 
0.020998 806 
0.019523 807 
0.021187 808 
0.018997 809 
0.024025 810 
0.020983 811 
0.019508 812 
0.023039 813 
0.021003 814 
0.021077 815 
0.01915 816 
0.018988 817 
0.023079 818 
0.020909 819 
0.019143 820 
0.023178 821 
0.020381 822 
0.020001 823 
0.029003 824 
0.023711 825 
0.023097 826 
0.022871 827 
0.019991 828 
0.02256 829 
0.021986 830 
0.025002 831 
0.021083 832 
0.022023 833 
0.02061 834 
0.023992 835 
0.021 836 
0.021002 837 
0.02152 838 
0.027628 839 
0.022995 840 
0.022007 841 
0.020503 842 
0.021155 843 
0.021993 844 
0.027007 845 
0.020574 846 
0.022996 847 
0.02309 848 
0.022904 849 
0.025515 850 
0.025142 851 
0.022976 852 
0.020994 853 
0.020514 854 
0.020989 855 
0.029997 856 
0.033708 857 
0.028186 858 
0.02786 859 
0.029707 860 
0.026226 861 
0.026902 862 
0.021997 863 
0.020959 864 
0.028867 865 
0.022075 866 
0.026916 867 
0.026141 868 
0.022606 869 
0.025998 870 
0.026268 871 
0.026773 872 
0.026022 873 
0.022065 874 
0.026017 875 
0.023572 876 
0.026462 877 
0.023001 878 
0.026011 879 
0.022712 880 
0.022069 881 
0.022899 882 
0.025996 883 
0.026658 884 
0.023001 885 
0.023997 886 
0.026006 887 
0.029733 888 
0.022999 889 
0.025978 890 
0.024001 891 
0.028501 892 
0.024002 893 
0.02899 894 
0.025569 895 
0.024984 896 
0.028189 897 
0.026177 898 
0.026418 899 
0.026998 900 
0.026883 901 
0.025003 902 
0.031636 903 
0.025905 904 
0.023992 905 
0.028764 906 
0.02847 907 
0.024999 908 
0.027078 909 
0.028003 910 
0.025866 911 
0.031007 912 
0.026514 913 
0.027287 914 
0.026915 915 
0.027617 916 
0.02871 917 
0.027287 918 
0.027205 919 
0.025418 920 
0.026995 921 
0.031997 922 
0.024507 923 
0.032271 924 
0.025976 925 
0.027102 926 
0.029605 927 
0.0281 928 
0.027256 929 
0.027833 930 
0.025005 931 
0.024988 932 
0.027181 933 
0.028468 934 
0.032388 935 
0.036533 936 
0.037746 937 
0.037119 938 
0.035237 939 
0.027614 940 
0.031032 941 
0.067499 942 
0.026062 943 
0.030504 944 
0.030089 945 
0.032056 946 
0.028282 947 
0.027507 948 
0.025999 949 
0.032427 950 
0.029504 951 
0.029988 952 
0.028971 953 
0.028704 954 
0.027924 955 
0.031147 956 
0.029419 957 
0.030112 958 
0.028981 959 
0.030998 960 
0.027619 961 
0.027085 962 
0.028011 963 
0.034442 964 
0.029996 965 
0.027997 966 
0.032508 967 
0.034997 968 
0.030992 969 
0.030421 970 
0.029999 971 
0.028 972 
0.029504 973 
0.030078 974 
0.028218 975 
0.031885 976 
0.036513 977 
0.036404 978 
0.027771 979 
0.026992 980 
0.027899 981 
0.031099 982 
0.029507 983 
0.029105 984 
0.034098 985 
0.033617 986 
0.03109 987 
0.028118 988 
0.032712 989 
0.0339 990 
0.036208 991 
0.032913 992 
0.031002 993 
0.033986 994 
0.03398 995 
0.028989 996 
0.032246 997 
0.039998 998 
0.032001 999 
0.031614 1000 
