0 1 
0 2 
0 3 
0 4 
0 5 
0 6 
0 7 
0 8 
0 9 
0 10 
0 11 
0 12 
0 13 
0 14 
0 15 
0 16 
0 17 
0 18 
0 19 
0 20 
0 21 
0 22 
0 23 
0 24 
0 25 
0 26 
0 27 
0 28 
0 29 
0 30 
0 31 
0 32 
0 33 
0 34 
0 35 
0 36 
0 37 
0 38 
0 39 
0 40 
0.000998 41 
0 42 
0 43 
0 44 
0.001004 45 
0 46 
0 47 
0 48 
0.000993 49 
0 50 
0 51 
0 52 
0 53 
0 54 
0 55 
0 56 
0 57 
0.000995 58 
0 59 
0 60 
0 61 
0.001488 62 
0.000505 63 
0.00051 64 
0 65 
0 66 
0.001006 67 
0 68 
0.000995 69 
0 70 
0.001006 71 
0 72 
0 73 
0.000998 74 
0 75 
0.000997 76 
0.001 77 
0 78 
0.000994 79 
0.000998 80 
0 81 
0.001013 82 
0.000984 83 
0 84 
0.00102 85 
0.001008 86 
0 87 
0 88 
0.000955 89 
0 90 
0.00051 91 
0.001004 92 
0 93 
0 94 
0.000995 95 
0.001006 96 
0.000988 97 
0.000998 98 
0.001 99 
0.001031 100 
0.001014 101 
0.000947 102 
0.000995 103 
0.000997 104 
0.000997 105 
0.001 106 
0.000997 107 
0.000998 108 
0.001035 109 
0.000997 110 
0.001 111 
0.000997 112 
0.001034 113 
0.000958 114 
0.000989 115 
0.001 116 
0.001029 117 
0.000995 118 
0.000997 119 
0.001998 120 
0.000996 121 
0.001005 122 
0.000998 123 
0.001 124 
0.001 125 
0.000995 126 
0.000991 127 
0.000995 128 
0.001012 129 
0.001979 130 
0.001034 131 
0.001994 132 
0.001956 133 
0.000999 134 
0.002044 135 
0.000957 136 
0.001276 137 
0.001427 138 
0.002 139 
0.000996 140 
0.000998 141 
0.001994 142 
0.000997 143 
0.003507 144 
0.002 145 
0.000996 146 
0.002168 147 
0.002002 148 
0.001992 149 
0.001995 150 
0.001995 151 
0.001995 152 
0.002026 153 
0.002002 154 
0.001958 155 
0.001992 156 
0.001997 157 
0.000959 158 
0.001994 159 
0.001995 160 
0.002038 161 
0.001952 162 
0.001994 163 
0.001998 164 
0.001994 165 
0.001994 166 
0.001999 167 
0.001994 168 
0.001997 169 
0.003029 170 
0.001956 171 
0.002992 172 
0.001998 173 
0.001987 174 
0.00297 175 
0.001998 176 
0.003027 177 
0.002969 178 
0.001985 179 
0.003052 180 
0.002943 181 
0.002992 182 
0.00299 183 
0.002992 184 
0.002507 185 
0.002508 186 
0.002997 187 
0.001955 188 
0.002496 189 
0.001951 190 
0.002992 191 
0.002995 192 
0.00299 193 
0.00279 194 
0.003702 195 
0.002992 196 
0.002992 197 
0.003041 198 
0.003011 199 
0.002973 200 
0.002985 201 
0.002995 202 
0.003025 203 
0.002943 204 
0.003993 205 
0.002997 206 
0.002944 207 
0.00299 208 
0.003989 209 
0.002997 210 
0.00299 211 
0.002992 212 
0.003989 213 
0.002998 214 
0.003997 215 
0.003981 216 
0.00399 217 
0.003989 218 
0.004019 219 
0.004003 220 
0.003946 221 
0.003991 222 
0.00299 223 
0.002992 224 
0.002993 225 
0.00299 226 
0.002011 227 
0.001993 228 
0.002993 229 
0.001993 230 
0.002992 231 
0.001995 232 
0.001994 233 
0.001996 234 
0.001994 235 
0.001999 236 
0.002021 237 
0.001964 238 
0.001994 239 
0.001996 240 
0.001993 241 
0.003 242 
0.002594 243 
0.002404 244 
0.002295 245 
0.001994 246 
0.001994 247 
0.002508 248 
0.001994 249 
0.003402 250 
0.002001 251 
0.002985 252 
0.001995 253 
0.003007 254 
0.00198 255 
0.001995 256 
0.002992 257 
0.001994 258 
0.002993 259 
0.002991 260 
0.001995 261 
0.002268 262 
0.002167 263 
0.002 264 
0.002989 265 
0.003021 266 
0.002697 267 
0.002995 268 
0.002992 269 
0.002992 270 
0.002992 271 
0.002993 272 
0.002991 273 
0.002992 274 
0.002991 275 
0.002993 276 
0.002992 277 
0.003006 278 
0.002994 279 
0.002992 280 
0.002992 281 
0.002993 282 
0.003516 283 
0.00303 284 
0.002957 285 
0.002993 286 
0.00299 287 
0.003064 288 
0.003127 289 
0.002966 290 
0.002994 291 
0.004031 292 
0.002949 293 
0.002993 294 
0.002992 295 
0.002991 296 
0.002992 297 
0.003991 298 
0.002991 299 
0.003989 300 
0.002992 301 
0.002992 302 
0.00399 303 
0.002993 304 
0.002957 305 
0.003997 306 
0.002985 307 
0.002995 308 
0.003989 309 
0.004115 310 
0.003987 311 
0.003565 312 
0.002991 313 
0.00399 314 
0.00399 315 
0.003991 316 
0.003987 317 
0.003989 318 
0.00367 319 
0.003963 320 
0.003988 321 
0.003989 322 
0.00416 323 
0.003991 324 
0.003989 325 
0.003988 326 
0.003989 327 
0.00399 328 
0.003989 329 
0.004021 330 
0.003996 331 
0.003985 332 
0.004002 333 
0.003979 334 
0.00399 335 
0.003501 336 
0.004987 337 
0.003989 338 
0.004987 339 
0.004143 340 
0.00399 341 
0.003989 342 
0.004987 343 
0.004018 344 
0.004963 345 
0.003984 346 
0.003992 347 
0.004987 348 
0.003989 349 
0.004023 350 
0.005001 351 
0.004939 352 
0.005032 353 
0.003944 354 
0.003994 355 
0.00399 356 
0.004502 357 
0.00499 358 
0.004986 359 
0.005034 360 
0.00494 361 
0.004986 362 
0.004988 363 
0.004986 364 
0.004987 365 
0.004029 366 
0.004956 367 
0.004972 368 
0.004985 369 
0.005025 370 
0.004949 371 
0.005988 372 
0.004982 373 
0.00499 374 
0.005003 375 
0.004944 376 
0.005514 377 
0.005031 378 
0.005954 379 
0.005005 380 
0.004323 381 
0.005922 382 
0.004944 383 
0.005984 384 
0.005985 385 
0.004986 386 
0.005004 387 
0.006002 388 
0.005669 389 
0.005984 390 
0.005985 391 
0.005988 392 
0.006022 393 
0.005461 394 
0.007254 395 
0.006307 396 
0.006198 397 
0.006 398 
0.006006 399 
0.005986 400 
0.005984 401 
0.005984 402 
0.005982 403 
0.005985 404 
0.006006 405 
0.005984 406 
0.006024 407 
0.005996 408 
0.006027 409 
0.006499 410 
0.005983 411 
0.005979 412 
0.005985 413 
0.007771 414 
0.007975 415 
0.007688 416 
0.009024 417 
0.00898 418 
0.008707 419 
0.009035 420 
0.008976 421 
0.009466 422 
0.009003 423 
0.008974 424 
0.00798 425 
0.007023 426 
0.005992 427 
0.006125 428 
0.006977 429 
0.006989 430 
0.006973 431 
0.007304 432 
0.006985 433 
0.006982 434 
0.007493 435 
0.006983 436 
0.006981 437 
0.006983 438 
0.006982 439 
0.007029 440 
0.006987 441 
0.006976 442 
0.006989 443 
0.006971 444 
0.006981 445 
0.007982 446 
0.006995 447 
0.006508 448 
0.00735 449 
0.007978 450 
0.007978 451 
0.006983 452 
0.006976 453 
0.007239 454 
0.00749 455 
0.008028 456 
0.007965 457 
0.007942 458 
0.007982 459 
0.007979 460 
0.00851 461 
0.007959 462 
0.007882 463 
0.007979 464 
0.007987 465 
0.007998 466 
0.007988 467 
0.007971 468 
0.008976 469 
0.007977 470 
0.00799 471 
0.007942 472 
0.008492 473 
0.008991 474 
0.007963 475 
0.007977 476 
0.008977 477 
0.007978 478 
0.007979 479 
0.007965 480 
0.008975 481 
0.009025 482 
0.008976 483 
0.00854 484 
0.008976 485 
0.008976 486 
0.008976 487 
0.008976 488 
0.009005 489 
0.008947 490 
0.007979 491 
0.008687 492 
0.008975 493 
0.008979 494 
0.009096 495 
0.009973 496 
0.008976 497 
0.009974 498 
0.009947 499 
0.008976 500 
0.010011 501 
0.008978 502 
0.00893 503 
0.009003 504 
0.009494 505 
0.008973 506 
0.008974 507 
0.009282 508 
0.009973 509 
0.009026 510 
0.008975 511 
0.00902 512 
0.009974 513 
0.009978 514 
0.009972 515 
0.01043 516 
0.009948 517 
0.009979 518 
0.009936 519 
0.009974 520 
0.009973 521 
0.009973 522 
0.009973 523 
0.009986 524 
0.011011 525 
0.009973 526 
0.009957 527 
0.010155 528 
0.009972 529 
0.010748 530 
0.010969 531 
0.010018 532 
0.009932 533 
0.010472 534 
0.01096 535 
0.01097 536 
0.010972 537 
0.011002 538 
0.010938 539 
0.010971 540 
0.011012 541 
0.010933 542 
0.01148 543 
0.010689 544 
0.011012 545 
0.010948 546 
0.011818 547 
0.010983 548 
0.01097 549 
0.010971 550 
0.010972 551 
0.01145 552 
0.011967 553 
0.010988 554 
0.010974 555 
0.010969 556 
0.01097 557 
0.012005 558 
0.011934 559 
0.010999 560 
0.012465 561 
0.011967 562 
0.011599 563 
0.012906 564 
0.011968 565 
0.01097 566 
0.011968 567 
0.01197 568 
0.011474 569 
0.01097 570 
0.011968 571 
0.011968 572 
0.012965 573 
0.011968 574 
0.012966 575 
0.011968 576 
0.012471 577 
0.011968 578 
0.011968 579 
0.011968 580 
0.011967 581 
0.012965 582 
0.012967 583 
0.01247 584 
0.011968 585 
0.011968 586 
0.012965 587 
0.012965 588 
0.011967 589 
0.012965 590 
0.012966 591 
0.013471 592 
0.012965 593 
0.012965 594 
0.012964 595 
0.012966 596 
0.012965 597 
0.012967 598 
0.013469 599 
0.012965 600 
0.012964 601 
0.013963 602 
0.013855 603 
0.013962 604 
0.013963 605 
0.013964 606 
0.01347 607 
0.013963 608 
0.012965 609 
0.012965 610 
0.013962 611 
0.013963 612 
0.012965 613 
0.013469 614 
0.013963 615 
0.015027 616 
0.015302 617 
0.013962 618 
0.014047 619 
0.014579 620 
0.014009 621 
0.013921 622 
0.014002 623 
0.013962 624 
0.014555 625 
0.013477 626 
0.014672 627 
0.014984 628 
0.014936 629 
0.013996 630 
0.014668 631 
0.014961 632 
0.014676 633 
0.014478 634 
0.013961 635 
0.014931 636 
0.014961 637 
0.01496 638 
0.014989 639 
0.014501 640 
0.01496 641 
0.014961 642 
0.014736 643 
0.014995 644 
0.01496 645 
0.014978 646 
0.015293 647 
0.015957 648 
0.015958 649 
0.015978 650 
0.015937 651 
0.016007 652 
0.015471 653 
0.015958 654 
0.015957 655 
0.015957 656 
0.015958 657 
0.016965 658 
0.018801 659 
0.024938 660 
0.024925 661 
0.024939 662 
0.019466 663 
0.016746 664 
0.015956 665 
0.015999 666 
0.015957 667 
0.017954 668 
0.018465 669 
0.016955 670 
0.015957 671 
0.016977 672 
0.016948 673 
0.016507 674 
0.016917 675 
0.016955 676 
0.015981 677 
0.016955 678 
0.016957 679 
0.01747 680 
0.016929 681 
0.016954 682 
0.016999 683 
0.01691 684 
0.016927 685 
0.017609 686 
0.016421 687 
0.017652 688 
0.017952 689 
0.01765 690 
0.01946 691 
0.017953 692 
0.017952 693 
0.017953 694 
0.016955 695 
0.017955 696 
0.017468 697 
0.017981 698 
0.017952 699 
0.017953 700 
0.017957 701 
0.018464 702 
0.017952 703 
0.01847 704 
0.017952 705 
0.01795 706 
0.018353 707 
0.017993 708 
0.017905 709 
0.017952 710 
0.018949 711 
0.022823 712 
0.022594 713 
0.021254 714 
0.020511 715 
0.019939 716 
0.019461 717 
0.019947 718 
0.019946 719 
0.01895 720 
0.019088 721 
0.020954 722 
0.02374 723 
0.023162 724 
0.023936 725 
0.022796 726 
0.019797 727 
0.018943 728 
0.019946 729 
0.019995 730 
0.018825 731 
0.01892 732 
0.019925 733 
0.01997 734 
0.019949 735 
0.020428 736 
0.019946 737 
0.019947 738 
0.019948 739 
0.020679 740 
0.020897 741 
0.019371 742 
0.020944 743 
0.01993 744 
0.019966 745 
0.020418 746 
0.01994 747 
0.020924 748 
0.019942 749 
0.020467 750 
0.020916 751 
0.020964 752 
0.020085 753 
0.020917 754 
0.020505 755 
0.019965 756 
0.020946 757 
0.020943 758 
0.020442 759 
0.020969 760 
0.02194 761 
0.020944 762 
0.022006 763 
0.020777 764 
0.022356 765 
0.020945 766 
0.021901 767 
0.022493 768 
0.021942 769 
0.02194 770 
0.021942 771 
0.021946 772 
0.022462 773 
0.021941 774 
0.021942 775 
0.02194 776 
0.022475 777 
0.021938 778 
0.022964 779 
0.021934 780 
0.022942 781 
0.022473 782 
0.022896 783 
0.022938 784 
0.022944 785 
0.023329 786 
0.022928 787 
0.0231 788 
0.022555 789 
0.022817 790 
0.022938 791 
0.022939 792 
0.022939 793 
0.023396 794 
0.022944 795 
0.023901 796 
0.022937 797 
0.023592 798 
0.023436 799 
0.02298 800 
0.022938 801 
0.022941 802 
0.023382 803 
0.023981 804 
0.023936 805 
0.023966 806 
0.024435 807 
0.024035 808 
0.023874 809 
0.025655 810 
0.024266 811 
0.024539 812 
0.024525 813 
0.024331 814 
0.029768 815 
0.033782 816 
0.03307 817 
0.025589 818 
0.024953 819 
0.024869 820 
0.025245 821 
0.025234 822 
0.0245 823 
0.025081 824 
0.025108 825 
0.025687 826 
0.026407 827 
0.025677 828 
0.025946 829 
0.025533 830 
0.02497 831 
0.024937 832 
0.025445 833 
0.025628 834 
0.024888 835 
0.025128 836 
0.025409 837 
0.026362 838 
0.026689 839 
0.026396 840 
0.025628 841 
0.026098 842 
0.027971 843 
0.0434 844 
0.046874 845 
0.031415 846 
0.026102 847 
0.026664 848 
0.025932 849 
0.026449 850 
0.026928 851 
0.026928 852 
0.026444 853 
0.036951 854 
0.048873 855 
0.039401 856 
0.026892 857 
0.026928 858 
0.027413 859 
0.026929 860 
0.026928 861 
0.027925 862 
0.027339 863 
0.027745 864 
0.028025 865 
0.027469 866 
0.027248 867 
0.026928 868 
0.027944 869 
0.028439 870 
0.027925 871 
0.027926 872 
0.027988 873 
0.027972 874 
0.027926 875 
0.027928 876 
0.027763 877 
0.027967 878 
0.027926 879 
0.028482 880 
0.028923 881 
0.028924 882 
0.029015 883 
0.028769 884 
0.028921 885 
0.028973 886 
0.028484 887 
0.028619 888 
0.028923 889 
0.029453 890 
0.028923 891 
0.029061 892 
0.028926 893 
0.028435 894 
0.028887 895 
0.029923 896 
0.029433 897 
0.029912 898 
0.029971 899 
0.030255 900 
0.029663 901 
0.029921 902 
0.029473 903 
0.02992 904 
0.029919 905 
0.029922 906 
0.030423 907 
0.02992 908 
0.030267 909 
0.030585 910 
0.029888 911 
0.029919 912 
0.02994 913 
0.030917 914 
0.032915 915 
0.046388 916 
0.04479 917 
0.031483 918 
0.030904 919 
0.030916 920 
0.03143 921 
0.030916 922 
0.030926 923 
0.031823 924 
0.031926 925 
0.030957 926 
0.03096 927 
0.030935 928 
0.030919 929 
0.03195 930 
0.032413 931 
0.031906 932 
0.031447 933 
0.031629 934 
0.031914 935 
0.031917 936 
0.032468 937 
0.032911 938 
0.032915 939 
0.032428 940 
0.032108 941 
0.033948 942 
0.033422 943 
0.032911 944 
0.031919 945 
0.032424 946 
0.032912 947 
0.032915 948 
0.033225 949 
0.033657 950 
0.032942 951 
0.03343 952 
0.033908 953 
0.033913 954 
0.03324 955 
0.032912 956 
0.033424 957 
0.03291 958 
0.03392 959 
0.033491 960 
0.03392 961 
0.033865 962 
0.033574 963 
0.033625 964 
0.033644 965 
0.033429 966 
0.033909 967 
0.033889 968 
0.034456 969 
0.034463 970 
0.051376 971 
0.053855 972 
0.036408 973 
0.034906 974 
0.034907 975 
0.034414 976 
0.034906 977 
0.034906 978 
0.035413 979 
0.034906 980 
0.034907 981 
0.03541 982 
0.035903 983 
0.03541 984 
0.035905 985 
0.034906 986 
0.035411 987 
0.035903 988 
0.034906 989 
0.036409 990 
0.035904 991 
0.035905 992 
0.036407 993 
0.035903 994 
0.036408 995 
0.035903 996 
0.035903 997 
0.037406 998 
0.036901 999 
0.036902 1000 
