0 1 
0 2 
0 3 
0 4 
0 5 
0 6 
0 7 
0 8 
0 9 
0 10 
0 11 
0 12 
0 13 
0 14 
0 15 
0 16 
0 17 
0 18 
0 19 
0 20 
0 21 
0 22 
0 23 
0 24 
0 25 
0 26 
0 27 
0 28 
0 29 
0 30 
0 31 
0 32 
0 33 
0 34 
0 35 
0 36 
0 37 
0 38 
0 39 
0 40 
0 41 
0 42 
0 43 
0 44 
0 45 
0.001 46 
0 47 
0 48 
0 49 
0 50 
0 51 
0 52 
0 53 
0 54 
0 55 
0 56 
0 57 
0 58 
0 59 
0 60 
0 61 
0 62 
0 63 
0 64 
0 65 
0 66 
0 67 
0.000998 68 
0 69 
0 70 
0 71 
0 72 
0 73 
0 74 
0.000997 75 
0 76 
0 77 
0 78 
0 79 
0 80 
0 81 
0 82 
0 83 
0 84 
0 85 
0 86 
0 87 
0 88 
0 89 
0 90 
0 91 
0.000997 92 
0 93 
0 94 
0 95 
0.000997 96 
0 97 
0 98 
0 99 
0 100 
0 101 
0 102 
0 103 
0 104 
0.000997 105 
0 106 
0 107 
0 108 
0.000997 109 
0 110 
0 111 
0.000998 112 
0 113 
0 114 
0 115 
0.000997 116 
0 117 
0 118 
0.000997 119 
0 120 
0 121 
0.000998 122 
0 123 
0 124 
0.000997 125 
0 126 
0 127 
0.000997 128 
0 129 
0 130 
0.000998 131 
0 132 
0 133 
0.000997 134 
0 135 
0.000997 136 
0 137 
0 138 
0.000998 139 
0 140 
0.000997 141 
0 142 
0 143 
0.000997 144 
0 145 
0.000998 146 
0 147 
0.000997 148 
0 149 
0.000997 150 
0 151 
0.000998 152 
0 153 
0.000997 154 
0 155 
0.000997 156 
0 157 
0.000998 158 
0 159 
0.000997 160 
0 161 
0.000997 162 
0 163 
0.000998 164 
0 165 
0.000997 166 
0 167 
0 168 
0.000998 169 
0 170 
0.000997 171 
0 172 
0 173 
0.000998 174 
0 175 
0.000997 176 
0.000997 177 
0 178 
0.000998 179 
0 180 
0.000997 181 
0.000997 182 
0 183 
0.000997 184 
0.000999 185 
0 186 
0.000996 187 
0 188 
0 189 
0.000998 190 
0 191 
0 192 
0.000998 193 
0 194 
0 195 
0.000997 196 
0 197 
0.000998 198 
0.000997 199 
0 200 
0 201 
0.000998 202 
0.000997 203 
0 204 
0.000997 205 
0.000997 206 
0 207 
0 208 
0.000997 209 
0.000997 210 
0 211 
0.000998 212 
0.000997 213 
0 214 
0 215 
0.000998 216 
0.000997 217 
0.000998 218 
0 219 
0.000997 220 
0.000997 221 
0.000997 222 
0 223 
0 224 
0.000997 225 
0.000997 226 
0.000998 227 
0.000997 228 
0.000999 229 
0.000998 230 
0.000997 231 
0.000997 232 
0.000997 233 
0.000997 234 
0 235 
0.000997 236 
0.000998 237 
0.000997 238 
0.000998 239 
0.000997 240 
0.000997 241 
0.001995 242 
0.000506 243 
0.001001 244 
0.000997 245 
0.000997 246 
0.000998 247 
0.000997 248 
0.000997 249 
0.000998 250 
0.000997 251 
0.000997 252 
0.000997 253 
0.000998 254 
0.000997 255 
0.000997 256 
0 257 
0.001022 258 
0.001091 259 
0.001003 260 
0.001754 261 
0.000999 262 
0.000998 263 
0.000997 264 
0.000997 265 
0.000997 266 
0.000998 267 
0.001029 268 
0.000999 269 
0.000997 270 
0.002008 271 
0.001024 272 
0.002001 273 
0.00095 274 
0.001996 275 
0.000996 276 
0.000997 277 
0.000997 278 
0.000997 279 
0.000997 280 
0.000998 281 
0.001256 282 
0.001505 283 
0.001041 284 
0.00195 285 
0.000998 286 
0.000997 287 
0.001994 288 
0.000997 289 
0.000997 290 
0.001004 291 
0.000992 292 
0.000997 293 
0.000997 294 
0.000997 295 
0.001995 296 
0.000997 297 
0.000997 298 
0.000997 299 
0.000998 300 
0.001995 301 
0.000997 302 
0.001994 303 
0.000997 304 
0.001995 305 
0.000998 306 
0.001995 307 
0.000996 308 
0.001998 309 
0.000997 310 
0.001994 311 
0.000999 312 
0.000972 313 
0.001994 314 
0.000997 315 
0.002022 316 
0.001011 317 
0.001505 318 
0.000997 319 
0.001995 320 
0.001995 321 
0.000998 322 
0.001994 323 
0.002032 324 
0.001958 325 
0.000996 326 
0.001995 327 
0.001995 328 
0.000997 329 
0.001994 330 
0.002025 331 
0.001966 332 
0.000997 333 
0.002697 334 
0.001998 335 
0.001994 336 
0.002053 337 
0.001838 338 
0.001 339 
0.000997 340 
0.001995 341 
0.001995 342 
0.001995 343 
0.001994 344 
0.001995 345 
0.001999 346 
0.00199 347 
0.000998 348 
0.000996 349 
0.00099 350 
0.001995 351 
0.001994 352 
0.001995 353 
0.001997 354 
0.001992 355 
0.001995 356 
0.001994 357 
0.001995 358 
0.000991 359 
0.001023 360 
0.001025 361 
0.001996 362 
0.001996 363 
0.001996 364 
0.001994 365 
0.001828 366 
0.000997 367 
0.001994 368 
0.001995 369 
0.001503 370 
0.001995 371 
0.001994 372 
0.002019 373 
0.001972 374 
0.001993 375 
0.001994 376 
0.001996 377 
0.001994 378 
0.002992 379 
0.001995 380 
0.002025 381 
0.001964 382 
0.001995 383 
0.001995 384 
0.002035 385 
0.001949 386 
0.001998 387 
0.002989 388 
0.001994 389 
0.002993 390 
0.001995 391 
0.001995 392 
0.001994 393 
0.001994 394 
0.002992 395 
0.001995 396 
0.002992 397 
0.002002 398 
0.002985 399 
0.00279 400 
0.002992 401 
0.0024 402 
0.003088 403 
0.002994 404 
0.001997 405 
0.002992 406 
0.001994 407 
0.001992 408 
0.002992 409 
0.00202 410 
0.00366 411 
0.00217 412 
0.003204 413 
0.002995 414 
0.002992 415 
0.001995 416 
0.002027 417 
0.002994 418 
0.00297 419 
0.001996 420 
0.001994 421 
0.003391 422 
0.002974 423 
0.001994 424 
0.001994 425 
0.002992 426 
0.003499 427 
0.002502 428 
0.002992 429 
0.002993 430 
0.002992 431 
0.003014 432 
0.002969 433 
0.003018 434 
0.002986 435 
0.002986 436 
0.002978 437 
0.002992 438 
0.002992 439 
0.002995 440 
0.002991 441 
0.002992 442 
0.002992 443 
0.002993 444 
0.003499 445 
0.002993 446 
0.002993 447 
0.004022 448 
0.002995 449 
0.003402 450 
0.002772 451 
0.002994 452 
0.002828 453 
0.002979 454 
0.002993 455 
0.003004 456 
0.002979 457 
0.00299 458 
0.002992 459 
0.003037 460 
0.002992 461 
0.002992 462 
0.00399 463 
0.003005 464 
0.003001 465 
0.002992 466 
0.003266 467 
0.003989 468 
0.002992 469 
0.002996 470 
0.002991 471 
0.002993 472 
0.002964 473 
0.003501 474 
0.004014 475 
0.00297 476 
0.002987 477 
0.002992 478 
0.002993 479 
0.003989 480 
0.00399 481 
0.002991 482 
0.00399 483 
0.004201 484 
0.003989 485 
0.00399 486 
0.003989 487 
0.00399 488 
0.003989 489 
0.003989 490 
0.00399 491 
0.003989 492 
0.003989 493 
0.00399 494 
0.003989 495 
0.003991 496 
0.003989 497 
0.00399 498 
0.003989 499 
0.004495 500 
0.00399 501 
0.003989 502 
0.004656 503 
0.004515 504 
0.003993 505 
0.003989 506 
0.003989 507 
0.00399 508 
0.003989 509 
0.00399 510 
0.003989 511 
0.003989 512 
0.003989 513 
0.003989 514 
0.003989 515 
0.00459 516 
0.004705 517 
0.003988 518 
0.003993 519 
0.003989 520 
0.025201 521 
0.003985 522 
0.005984 523 
0.003988 524 
0.003989 525 
0.003954 526 
0.003858 527 
0.003991 528 
0.004985 529 
0.004988 530 
0.005008 531 
0.005012 532 
0.003942 533 
0.00399 534 
0.004015 535 
0.003982 536 
0.003956 537 
0.003516 538 
0.004309 539 
0.003989 540 
0.003989 541 
0.003989 542 
0.004987 543 
0.003989 544 
0.004343 545 
0.004997 546 
0.005727 547 
0.00399 548 
0.004986 549 
0.004987 550 
0.00501 551 
0.003967 552 
0.00399 553 
0.00399 554 
0.00399 555 
0.005034 556 
0.004945 557 
0.005009 558 
0.004471 559 
0.00395 560 
0.004012 561 
0.004306 562 
0.00399 563 
0.004986 564 
0.004987 565 
0.004988 566 
0.004986 567 
0.004987 568 
0.004986 569 
0.004986 570 
0.004985 571 
0.004992 572 
0.005278 573 
0.006018 574 
0.00557 575 
0.004988 576 
0.004987 577 
0.005498 578 
0.005237 579 
0.004987 580 
0.003989 581 
0.004986 582 
0.005022 583 
0.004982 584 
0.005239 585 
0.003988 586 
0.004979 587 
0.005399 588 
0.004986 589 
0.00572 590 
0.004989 591 
0.00501 592 
0.006262 593 
0.004981 594 
0.004955 595 
0.005499 596 
0.005984 597 
0.004987 598 
0.004554 599 
0.004986 600 
0.005033 601 
0.00594 602 
0.005003 603 
0.004985 604 
0.004986 605 
0.005984 606 
0.005984 607 
0.004987 608 
0.004988 609 
0.004987 610 
0.00499 611 
0.004858 612 
0.005562 613 
0.005986 614 
0.005985 615 
0.005983 616 
0.006018 617 
0.005951 618 
0.005983 619 
0.005984 620 
0.005998 621 
0.005007 622 
0.005235 623 
0.004988 624 
0.005984 625 
0.005983 626 
0.006498 627 
0.005945 628 
0.006553 629 
0.005455 630 
0.005964 631 
0.005869 632 
0.005984 633 
0.005984 634 
0.00635 635 
0.00501 636 
0.005948 637 
0.005656 638 
0.005984 639 
0.00603 640 
0.005953 641 
0.005983 642 
0.005402 643 
0.005984 644 
0.005496 645 
0.006981 646 
0.007978 647 
0.006981 648 
0.006982 649 
0.005984 650 
0.005984 651 
0.005983 652 
0.006982 653 
0.005984 654 
0.005984 655 
0.005983 656 
0.006983 657 
0.006981 658 
0.006494 659 
0.006981 660 
0.006981 661 
0.006982 662 
0.006981 663 
0.006981 664 
0.006982 665 
0.006981 666 
0.006981 667 
0.006982 668 
0.006981 669 
0.006981 670 
0.006982 671 
0.006982 672 
0.005984 673 
0.005985 674 
0.006981 675 
0.006982 676 
0.005984 677 
0.006981 678 
0.006981 679 
0.006981 680 
0.006981 681 
0.006981 682 
0.005984 683 
0.006981 684 
0.006983 685 
0.006982 686 
0.00749 687 
0.006981 688 
0.006981 689 
0.006981 690 
0.006981 691 
0.006981 692 
0.006981 693 
0.006982 694 
0.006981 695 
0.006982 696 
0.006981 697 
0.006982 698 
0.006982 699 
0.006492 700 
0.006982 701 
0.006981 702 
0.006981 703 
0.007979 704 
0.006981 705 
0.006981 706 
0.007978 707 
0.007979 708 
0.007979 709 
0.007978 710 
0.00798 711 
0.007979 712 
0.007491 713 
0.006981 714 
0.006981 715 
0.006982 716 
0.007979 717 
0.007978 718 
0.007979 719 
0.006982 720 
0.007855 721 
0.00812 722 
0.008977 723 
0.007978 724 
0.007489 725 
0.007978 726 
0.008976 727 
0.007979 728 
0.007979 729 
0.006981 730 
0.007978 731 
0.006981 732 
0.007979 733 
0.007979 734 
0.00798 735 
0.007979 736 
0.008488 737 
0.007979 738 
0.00798 739 
0.009477 740 
0.010357 741 
0.010278 742 
0.008314 743 
0.008907 744 
0.008922 745 
0.008894 746 
0.008004 747 
0.0096 748 
0.00861 749 
0.008978 750 
0.007979 751 
0.007979 752 
0.008808 753 
0.00817 754 
0.007965 755 
0.007992 756 
0.008501 757 
0.007979 758 
0.00798 759 
0.007979 760 
0.008977 761 
0.009973 762 
0.008975 763 
0.009226 764 
0.007979 765 
0.007979 766 
0.008976 767 
0.008487 768 
0.008976 769 
0.007979 770 
0.008976 771 
0.009586 772 
0.008979 773 
0.008976 774 
0.007978 775 
0.008975 776 
0.008979 777 
0.008491 778 
0.007979 779 
0.008976 780 
0.008976 781 
0.008976 782 
0.008975 783 
0.008976 784 
0.008976 785 
0.008976 786 
0.008979 787 
0.009485 788 
0.008973 789 
0.008976 790 
0.009973 791 
0.009973 792 
0.01003 793 
0.008975 794 
0.008976 795 
0.008976 796 
0.009976 797 
0.008481 798 
0.008976 799 
0.008975 800 
0.009897 801 
0.008837 802 
0.009765 803 
0.009973 804 
0.008976 805 
0.009973 806 
0.010973 807 
0.009483 808 
0.008976 809 
0.009973 810 
0.008976 811 
0.009973 812 
0.009974 813 
0.009698 814 
0.009973 815 
0.009976 816 
0.009973 817 
0.010481 818 
0.009974 819 
0.009973 820 
0.008975 821 
0.009973 822 
0.009973 823 
0.009973 824 
0.009973 825 
0.009976 826 
0.009484 827 
0.009973 828 
0.009973 829 
0.009973 830 
0.009973 831 
0.009971 832 
0.010971 833 
0.00997 834 
0.009976 835 
0.009484 836 
0.009973 837 
0.009973 838 
0.009974 839 
0.010971 840 
0.01097 841 
0.010971 842 
0.009972 843 
0.010482 844 
0.009484 845 
0.010971 846 
0.009973 847 
0.01097 848 
0.009973 849 
0.009972 850 
0.010971 851 
0.009973 852 
0.010973 853 
0.01048 854 
0.009973 855 
0.01097 856 
0.009974 857 
0.010971 858 
0.011117 859 
0.010971 860 
0.010974 861 
0.01097 862 
0.011478 863 
0.01097 864 
0.010971 865 
0.010971 866 
0.010971 867 
0.010971 868 
0.010971 869 
0.010974 870 
0.010481 871 
0.01097 872 
0.01097 873 
0.01097 874 
0.010969 875 
0.01097 876 
0.011967 877 
0.010973 878 
0.010478 879 
0.01097 880 
0.011968 881 
0.010971 882 
0.010971 883 
0.010971 884 
0.011446 885 
0.010973 886 
0.01097 887 
0.01197 888 
0.011968 889 
0.01098 890 
0.011968 891 
0.010971 892 
0.011968 893 
0.010972 894 
0.010971 895 
0.011968 896 
0.01097 897 
0.011967 898 
0.011968 899 
0.011968 900 
0.011968 901 
0.01196 902 
0.011483 903 
0.011968 904 
0.011968 905 
0.011968 906 
0.011968 907 
0.011968 908 
0.011967 909 
0.012968 910 
0.011483 911 
0.011968 912 
0.011968 913 
0.012965 914 
0.011968 915 
0.011968 916 
0.011968 917 
0.012965 918 
0.01248 919 
0.012966 920 
0.012964 921 
0.012622 922 
0.012968 923 
0.013963 924 
0.012969 925 
0.013475 926 
0.013962 927 
0.013963 928 
0.012965 929 
0.012965 930 
0.012965 931 
0.013965 932 
0.014474 933 
0.012983 934 
0.012965 935 
0.013962 936 
0.014024 937 
0.013953 938 
0.013477 939 
0.013962 940 
0.01496 941 
0.012965 942 
0.012814 943 
0.013962 944 
0.013965 945 
0.014474 946 
0.013965 947 
0.013962 948 
0.01496 949 
0.013963 950 
0.01496 951 
0.014381 952 
0.01496 953 
0.013961 954 
0.014959 955 
0.013963 956 
0.014952 957 
0.013966 958 
0.013475 959 
0.014959 960 
0.014959 961 
0.01496 962 
0.015002 963 
0.013965 964 
0.015472 965 
0.01496 966 
0.014959 967 
0.014958 968 
0.014961 969 
0.01496 970 
0.015472 971 
0.01496 972 
0.015975 973 
0.014955 974 
0.013945 975 
0.013963 976 
0.01596 977 
0.015472 978 
0.01496 979 
0.015957 980 
0.01496 981 
0.014958 982 
0.01596 983 
0.015472 984 
0.015957 985 
0.013963 986 
0.013963 987 
0.013962 988 
0.013965 989 
0.014474 990 
0.01496 991 
0.013962 992 
0.01496 993 
0.013963 994 
0.014961 995 
0.014472 996 
0.01496 997 
0.01496 998 
0.01496 999 
0.01496 1000 
