0 1 
0 2 
0 3 
0 4 
0 5 
0 6 
0 7 
0 8 
0 9 
0 10 
0 11 
0 12 
0 13 
0 14 
0 15 
0 16 
0 17 
0 18 
0 19 
0 20 
0 21 
0 22 
0 23 
0 24 
0 25 
0 26 
0 27 
0 28 
0 29 
0 30 
0 31 
0 32 
0 33 
0.000996 34 
0 35 
0 36 
0 37 
0 38 
0 39 
0.000992 40 
0 41 
0 42 
0 43 
0 44 
0.000997 45 
0 46 
0 47 
0 48 
0 49 
0 50 
0 51 
0 52 
0 53 
0 54 
0 55 
0 56 
0.000998 57 
0 58 
0 59 
0.000997 60 
0 61 
0 62 
0.001006 63 
0 64 
0 65 
0.000992 66 
0 67 
0.000993 68 
0 69 
0 70 
0 71 
0 72 
0.000996 73 
0 74 
0.000998 75 
0.001001 76 
0 77 
0.000993 78 
0 79 
0.001002 80 
0 81 
0 82 
0.000996 83 
0 84 
0.001016 85 
0 86 
0.000972 87 
0.001004 88 
0 89 
0.000993 90 
0 91 
0.000997 92 
0.001001 93 
0 94 
0.001012 95 
0.000984 96 
0 97 
0.000996 98 
0.000998 99 
0 100 
0.000997 101 
0.000997 102 
0.000994 103 
0 104 
0 105 
0.000995 106 
0.001001 107 
0 108 
0 109 
0.001 110 
0.000994 111 
0.000998 112 
0 113 
0.00101 114 
0.000991 115 
0.000999 116 
0.000996 117 
0.000998 118 
0.001001 119 
0 120 
0 121 
0.00101 122 
0.001003 123 
0.000996 124 
0.000952 125 
0.000997 126 
0.001752 127 
0.001005 128 
0 129 
0.000514 130 
0.001004 131 
0.000998 132 
0.000997 133 
0.001018 134 
0.000979 135 
0.001034 136 
0.000958 137 
0.001 138 
0.001009 139 
0.000983 140 
0.000999 141 
0.001027 142 
0.000968 143 
0.000994 144 
0.000998 145 
0.001 146 
0.000994 147 
0.000998 148 
0.000997 149 
0.001 150 
0.000995 151 
0.000998 152 
0.000999 153 
0.000995 154 
0.001016 155 
0 156 
0.001025 157 
0.000969 158 
0.000998 159 
0.000997 160 
0.000997 161 
0.000998 162 
0.001918 163 
0.000506 164 
0.002001 165 
0.000997 166 
0.000997 167 
0.001996 168 
0.000996 169 
0.000997 170 
0.001994 171 
0.000999 172 
0.000996 173 
0.001995 174 
0.000997 175 
0.001995 176 
0.001 177 
0.001996 178 
0.000996 179 
0.000997 180 
0.001012 181 
0.000983 182 
0.001995 183 
0.000995 184 
0.001995 185 
0.000998 186 
0.001994 187 
0.000997 188 
0.001001 189 
0.000508 190 
0.000998 191 
0.001996 192 
0.001035 193 
0.00201 194 
0.00194 195 
0.000997 196 
0.001029 197 
0.002004 198 
0.000994 199 
0.001985 200 
0.002 201 
0.001995 202 
0.001995 203 
0.001 204 
0.000997 205 
0.001535 206 
0.000995 207 
0.001001 208 
0.001995 209 
0.00199 210 
0.002026 211 
0.001988 212 
0.001973 213 
0.002041 214 
0.001955 215 
0.001992 216 
0.002425 217 
0.001514 218 
0.002026 219 
0.001 220 
0.001992 221 
0.001994 222 
0.001995 223 
0.001994 224 
0.002111 225 
0.002 226 
0.002012 227 
0.001951 228 
0.001989 229 
0.002008 230 
0.001981 231 
0.001996 232 
0.001994 233 
0.002992 234 
0.001994 235 
0.001995 236 
0.001997 237 
0.001993 238 
0.001996 239 
0.001511 240 
0.001735 241 
0.001995 242 
0.001993 243 
0.001993 244 
0.002 245 
0.001992 246 
0.002992 247 
0.002992 248 
0.001995 249 
0.002514 250 
0.002469 251 
0.002514 252 
0.003001 253 
0.002994 254 
0.00299 255 
0.001975 256 
0.002991 257 
0.003233 258 
0.002991 259 
0.003036 260 
0.002948 261 
0.001997 262 
0.00218 263 
0.001998 264 
0.003001 265 
0.002982 266 
0.00299 267 
0.002995 268 
0.002993 269 
0.002991 270 
0.002993 271 
0.002995 272 
0.003016 273 
0.002965 274 
0.003036 275 
0.002971 276 
0.003025 277 
0.002895 278 
0.002991 279 
0.003987 280 
0.002992 281 
0.003486 282 
0.003139 283 
0.003994 284 
0.003043 285 
0.002938 286 
0.002998 287 
0.002994 288 
0.004313 289 
0.003988 290 
0.00399 291 
0.002992 292 
0.002991 293 
0.003991 294 
0.003989 295 
0.003989 296 
0.003988 297 
0.002993 298 
0.003715 299 
0.003473 300 
0.004175 301 
0.003993 302 
0.004382 303 
0.003999 304 
0.004037 305 
0.002992 306 
0.003532 307 
0.003989 308 
0.003954 309 
0.003986 310 
0.003992 311 
0.003987 312 
0.00399 313 
0.00299 314 
0.003956 315 
0.003992 316 
0.003984 317 
0.003994 318 
0.002992 319 
0.00399 320 
0.004121 321 
0.003944 322 
0.003989 323 
0.003911 324 
0.003989 325 
0.004025 326 
0.003998 327 
0.003989 328 
0.003986 329 
0.003989 330 
0.003994 331 
0.003987 332 
0.004989 333 
0.003986 334 
0.003995 335 
0.003985 336 
0.003989 337 
0.00421 338 
0.004911 339 
0.004986 340 
0.005019 341 
0.004956 342 
0.004986 343 
0.003992 344 
0.003617 345 
0.00399 346 
0.002996 347 
0.002989 348 
0.002992 349 
0.002995 350 
0.001993 351 
0.001995 352 
0.003021 353 
0.002735 354 
0.002508 355 
0.001998 356 
0.002607 357 
0.003406 358 
0.001996 359 
0.002992 360 
0.00299 361 
0.001996 362 
0.002021 363 
0.002964 364 
0.002016 365 
0.001995 366 
0.002992 367 
0.002992 368 
0.003039 369 
0.001947 370 
0.001992 371 
0.002993 372 
0.002993 373 
0.003084 374 
0.002189 375 
0.003764 376 
0.001994 377 
0.001994 378 
0.001996 379 
0.002991 380 
0.003039 381 
0.002991 382 
0.002992 383 
0.002993 384 
0.003012 385 
0.002868 386 
0.001994 387 
0.001994 388 
0.001993 389 
0.003009 390 
0.002995 391 
0.002992 392 
0.002992 393 
0.003023 394 
0.002956 395 
0.003296 396 
0.001998 397 
0.002992 398 
0.002991 399 
0.002993 400 
0.002992 401 
0.003026 402 
0.002985 403 
0.002967 404 
0.002993 405 
0.002992 406 
0.002993 407 
0.002993 408 
0.002993 409 
0.002991 410 
0.002992 411 
0.002992 412 
0.002992 413 
0.002982 414 
0.002992 415 
0.002975 416 
0.002991 417 
0.002992 418 
0.002992 419 
0.00348 420 
0.002992 421 
0.003005 422 
0.003976 423 
0.002992 424 
0.00399 425 
0.003989 426 
0.003802 427 
0.002993 428 
0.002964 429 
0.002993 430 
0.002992 431 
0.003988 432 
0.003996 433 
0.002986 434 
0.004478 435 
0.00399 436 
0.003988 437 
0.003989 438 
0.00399 439 
0.002991 440 
0.002992 441 
0.002993 442 
0.002985 443 
0.002993 444 
0.002992 445 
0.003753 446 
0.004012 447 
0.003992 448 
0.004005 449 
0.003773 450 
0.004054 451 
0.00399 452 
0.003989 453 
0.003988 454 
0.003991 455 
0.003988 456 
0.004014 457 
0.00399 458 
0.00399 459 
0.004988 460 
0.003986 461 
0.003929 462 
0.004988 463 
0.005694 464 
0.004995 465 
0.003987 466 
0.003994 467 
0.004501 468 
0.00499 469 
0.004986 470 
0.004987 471 
0.005019 472 
0.004954 473 
0.003989 474 
0.003989 475 
0.00399 476 
0.003986 477 
0.005033 478 
0.003943 479 
0.003989 480 
0.004985 481 
0.004036 482 
0.003988 483 
0.004988 484 
0.004986 485 
0.004009 486 
0.003988 487 
0.003989 488 
0.00399 489 
0.003992 490 
0.00399 491 
0.004985 492 
0.004986 493 
0.004988 494 
0.004988 495 
0.004985 496 
0.004989 497 
0.005999 498 
0.004986 499 
0.004988 500 
0.005985 501 
0.006981 502 
0.007979 503 
0.00798 504 
0.008998 505 
0.01054 506 
0.01006 507 
0.00874 508 
0.011028 509 
0.007979 510 
0.007099 511 
0.007164 512 
0.005988 513 
0.004986 514 
0.005495 515 
0.004989 516 
0.005625 517 
0.005501 518 
0.004986 519 
0.006076 520 
0.005983 521 
0.005984 522 
0.004987 523 
0.004987 524 
0.004987 525 
0.004986 526 
0.004986 527 
0.004986 528 
0.004987 529 
0.004987 530 
0.004987 531 
0.005984 532 
0.00499 533 
0.004987 534 
0.004498 535 
0.004986 536 
0.004567 537 
0.005819 538 
0.005495 539 
0.005984 540 
0.005984 541 
0.005984 542 
0.005984 543 
0.005984 544 
0.005984 545 
0.005984 546 
0.005984 547 
0.005984 548 
0.005987 549 
0.005984 550 
0.004986 551 
0.005527 552 
0.006264 553 
0.005987 554 
0.005983 555 
0.005984 556 
0.005985 557 
0.005983 558 
0.005984 559 
0.005984 560 
0.005984 561 
0.005984 562 
0.005984 563 
0.005984 564 
0.005987 565 
0.005984 566 
0.005984 567 
0.006493 568 
0.006981 569 
0.006431 570 
0.005984 571 
0.005984 572 
0.006981 573 
0.005985 574 
0.005984 575 
0.006981 576 
0.005984 577 
0.005984 578 
0.005984 579 
0.005988 580 
0.006981 581 
0.005984 582 
0.005987 583 
0.006981 584 
0.006982 585 
0.006981 586 
0.006981 587 
0.006982 588 
0.005984 589 
0.006981 590 
0.006982 591 
0.006981 592 
0.006981 593 
0.005984 594 
0.005988 595 
0.005984 596 
0.006497 597 
0.005984 598 
0.006036 599 
0.006981 600 
0.006983 601 
0.005983 602 
0.006981 603 
0.006981 604 
0.006982 605 
0.006979 606 
0.006981 607 
0.006981 608 
0.006981 609 
0.00749 610 
0.006982 611 
0.006981 612 
0.007979 613 
0.006981 614 
0.006981 615 
0.006981 616 
0.006981 617 
0.006982 618 
0.006981 619 
0.007918 620 
0.006981 621 
0.006982 622 
0.005984 623 
0.006983 624 
0.006981 625 
0.006982 626 
0.006981 627 
0.006981 628 
0.006981 629 
0.006981 630 
0.006981 631 
0.006982 632 
0.006981 633 
0.00798 634 
0.007978 635 
0.007491 636 
0.007978 637 
0.007979 638 
0.007979 639 
0.006981 640 
0.007978 641 
0.007979 642 
0.006982 643 
0.007978 644 
0.008484 645 
0.007979 646 
0.007485 647 
0.007495 648 
0.007493 649 
0.007979 650 
0.008488 651 
0.007978 652 
0.007978 653 
0.007979 654 
0.007979 655 
0.007978 656 
0.007978 657 
0.00798 658 
0.007978 659 
0.007491 660 
0.007978 661 
0.007978 662 
0.007978 663 
0.008976 664 
0.008976 665 
0.008976 666 
0.008976 667 
0.008976 668 
0.008977 669 
0.008976 670 
0.008489 671 
0.007978 672 
0.007979 673 
0.008976 674 
0.008976 675 
0.007978 676 
0.007978 677 
0.008976 678 
0.008976 679 
0.008978 680 
0.008976 681 
0.008488 682 
0.008976 683 
0.007979 684 
0.008976 685 
0.007979 686 
0.008976 687 
0.008976 688 
0.008976 689 
0.007978 690 
0.008977 691 
0.008487 692 
0.008975 693 
0.008967 694 
0.008987 695 
0.008975 696 
0.009004 697 
0.009945 698 
0.010015 699 
0.008935 700 
0.009012 701 
0.008942 702 
0.010529 703 
0.008927 704 
0.008975 705 
0.009009 706 
0.008977 707 
0.008975 708 
0.008976 709 
0.008978 710 
0.009023 711 
0.009974 712 
0.009977 713 
0.009973 714 
0.009973 715 
0.008975 716 
0.009973 717 
0.009974 718 
0.008978 719 
0.009977 720 
0.009015 721 
0.009533 722 
0.009971 723 
0.009975 724 
0.009973 725 
0.009974 726 
0.009994 727 
0.009988 728 
0.009958 729 
0.010018 730 
0.009974 731 
0.009491 732 
0.009609 733 
0.009988 734 
0.009972 735 
0.009989 736 
0.009975 737 
0.009973 738 
0.01102 739 
0.010973 740 
0.010501 741 
0.009867 742 
0.009972 743 
0.010974 744 
0.010968 745 
0.009947 746 
0.010017 747 
0.009981 748 
0.010975 749 
0.010484 750 
0.010969 751 
0.009975 752 
0.010971 753 
0.010981 754 
0.010984 755 
0.010957 756 
0.009989 757 
0.010971 758 
0.010487 759 
0.010972 760 
0.009946 761 
0.01097 762 
0.010971 763 
0.011016 764 
0.011017 765 
0.010975 766 
0.010512 767 
0.010973 768 
0.010971 769 
0.01097 770 
0.010976 771 
0.01097 772 
0.010971 773 
0.010943 774 
0.010971 775 
0.011482 776 
0.01097 777 
0.01097 778 
0.010949 779 
0.01097 780 
0.012016 781 
0.01097 782 
0.010973 783 
0.01145 784 
0.010971 785 
0.012202 786 
0.010971 787 
0.011958 788 
0.011968 789 
0.010997 790 
0.01197 791 
0.011381 792 
0.011969 793 
0.010987 794 
0.012 795 
0.011966 796 
0.01097 797 
0.011969 798 
0.012009 799 
0.012401 800 
0.011968 801 
0.011968 802 
0.011952 803 
0.011991 804 
0.011969 805 
0.011972 806 
0.012998 807 
0.011971 808 
0.011966 809 
0.012965 810 
0.012965 811 
0.011969 812 
0.012737 813 
0.012174 814 
0.012524 815 
0.012965 816 
0.012004 817 
0.012951 818 
0.011968 819 
0.012966 820 
0.011954 821 
0.011968 822 
0.012968 823 
0.011966 824 
0.012994 825 
0.01292 826 
0.012963 827 
0.012965 828 
0.012969 829 
0.013479 830 
0.012966 831 
0.012995 832 
0.013918 833 
0.012966 834 
0.013962 835 
0.013967 836 
0.012483 837 
0.012962 838 
0.013933 839 
0.013963 840 
0.012979 841 
0.012927 842 
0.012943 843 
0.013575 844 
0.012986 845 
0.013961 846 
0.012969 847 
0.013962 848 
0.012966 849 
0.013967 850 
0.013493 851 
0.012966 852 
0.013943 853 
0.013961 854 
0.013963 855 
0.014005 856 
0.013983 857 
0.013479 858 
0.013963 859 
0.014008 860 
0.013961 861 
0.014 862 
0.013917 863 
0.013963 864 
0.014496 865 
0.013965 866 
0.013998 867 
0.013963 868 
0.013927 869 
0.014954 870 
0.014476 871 
0.013961 872 
0.01496 873 
0.013963 874 
0.014959 875 
0.013982 876 
0.013968 877 
0.014441 878 
0.01497 879 
0.01496 880 
0.013963 881 
0.015013 882 
0.013967 883 
0.014475 884 
0.014962 885 
0.014589 886 
0.01496 887 
0.015 888 
0.01491 889 
0.015002 890 
0.015473 891 
0.014929 892 
0.014975 893 
0.014919 894 
0.014964 895 
0.014926 896 
0.014477 897 
0.014961 898 
0.015185 899 
0.015957 900 
0.014929 901 
0.015962 902 
0.014503 903 
0.015921 904 
0.015789 905 
0.014971 906 
0.015958 907 
0.014969 908 
0.015433 909 
0.01496 910 
0.015998 911 
0.015987 912 
0.014917 913 
0.015973 914 
0.015402 915 
0.01496 916 
0.015958 917 
0.015994 918 
0.015956 919 
0.016007 920 
0.016403 921 
0.015991 922 
0.015956 923 
0.015939 924 
0.016954 925 
0.015961 926 
0.015437 927 
0.015955 928 
0.016955 929 
0.016953 930 
0.016976 931 
0.01696 932 
0.017408 933 
0.016962 934 
0.016956 935 
0.016954 936 
0.016987 937 
0.017438 938 
0.016924 939 
0.016958 940 
0.016918 941 
0.016955 942 
0.01895 943 
0.024935 944 
0.02593 945 
0.026928 946 
0.020454 947 
0.016954 948 
0.016954 949 
0.016954 950 
0.016956 951 
0.017459 952 
0.016955 953 
0.016955 954 
0.016955 955 
0.017954 956 
0.016461 957 
0.016954 958 
0.017951 959 
0.016954 960 
0.016956 961 
0.017951 962 
0.016954 963 
0.017951 964 
0.016954 965 
0.017458 966 
0.017952 967 
0.017952 968 
0.017952 969 
0.016956 970 
0.018456 971 
0.017952 972 
0.017951 973 
0.017952 974 
0.01869 975 
0.02494 976 
0.032916 977 
0.031438 978 
0.019946 979 
0.018879 980 
0.017952 981 
0.017468 982 
0.017953 983 
0.017951 984 
0.018517 985 
0.017953 986 
0.017466 987 
0.017951 988 
0.018524 989 
0.018949 990 
0.018464 991 
0.019347 992 
0.019561 993 
0.018588 994 
0.018934 995 
0.019684 996 
0.019714 997 
0.019085 998 
0.022381 999 
0.020016 1000 
