0 1 
0 2 
0 3 
0 4 
0 5 
0 6 
0 7 
0 8 
0 9 
0 10 
0 11 
0 12 
0 13 
0 14 
0 15 
0 16 
0 17 
0 18 
0 19 
0 20 
0 21 
0.000997 22 
0 23 
0 24 
0 25 
0 26 
0 27 
0 28 
0 29 
0 30 
0 31 
0 32 
0 33 
0 34 
0 35 
0 36 
0 37 
0 38 
0 39 
0 40 
0 41 
0 42 
0 43 
0 44 
0 45 
0 46 
0 47 
0 48 
0 49 
0 50 
0 51 
0.001042 52 
0 53 
0 54 
0 55 
0 56 
0 57 
0 58 
0 59 
0 60 
0 61 
0.001081 62 
0 63 
0 64 
0 65 
0 66 
0 67 
0 68 
0 69 
0 70 
0 71 
0 72 
0 73 
0 74 
0 75 
0.001006 76 
0 77 
0 78 
0 79 
0 80 
0 81 
0.001023 82 
0 83 
0 84 
0 85 
0.000972 86 
0 87 
0 88 
0 89 
0 90 
0.000948 91 
0 92 
0 93 
0.001053 94 
0 95 
0 96 
0 97 
0 98 
0 99 
0 100 
0 101 
0 102 
0 103 
0 104 
0 105 
0 106 
0 107 
0.000885 108 
0 109 
0 110 
0.00111 111 
0 112 
0 113 
0 114 
0.00099 115 
0 116 
0 117 
0 118 
0.000995 119 
0 120 
0 121 
0 122 
0.000996 123 
0 124 
0 125 
0 126 
0 127 
0 128 
0 129 
0.000992 130 
0 131 
0 132 
0.000996 133 
0 134 
0 135 
0.001011 136 
0 137 
0 138 
0.001003 139 
0 140 
0 141 
0.000993 142 
0 143 
0.000913 144 
0 145 
0 146 
0.001208 147 
0 148 
0.000867 149 
0 150 
0.001017 151 
0 152 
0 153 
0.000995 154 
0 155 
0.001014 156 
0 157 
0.000974 158 
0 159 
0.000999 160 
0 161 
0 162 
0 163 
0 164 
0.000975 165 
0 166 
0.001021 167 
0 168 
0.000976 169 
0 170 
0.001005 171 
0 172 
0.001003 173 
0 174 
0 175 
0.001016 176 
0 177 
0.000969 178 
0 179 
0.000936 180 
0.001092 181 
0 182 
0.000975 183 
0 184 
0.001011 185 
0.00102 186 
0 187 
0.000977 188 
0 189 
0.000992 190 
0.000997 191 
0 192 
0.001 193 
0 194 
0 195 
0.000996 196 
0 197 
0 198 
0.001017 199 
0 200 
0 201 
0.001005 202 
0 203 
0 204 
0.000995 205 
0.001032 206 
0.000901 207 
0 208 
0 209 
0.000993 210 
0.001001 211 
0 212 
0.000998 213 
0.001 214 
0 215 
0 216 
0.000995 217 
0.001001 218 
0 219 
0 220 
0.001013 221 
0.001 222 
0.001 223 
0.001002 224 
0 225 
0 226 
0.000998 227 
0.000987 228 
0.000996 229 
0 230 
0 231 
0.00107 232 
0.000998 233 
0.001003 234 
0.001028 235 
0.001147 236 
0 237 
0.001103 238 
0.001001 239 
0.000999 240 
0.001919 241 
0.000996 242 
0.000995 243 
0.000998 244 
0.001049 245 
0.00205 246 
0.001007 247 
0.001078 248 
0.000916 249 
0.000985 250 
0.000997 251 
0.000999 252 
0.000999 253 
0.001001 254 
0.000998 255 
0.000925 256 
0.001076 257 
0.001005 258 
0.001001 259 
0.000998 260 
0.001015 261 
0 262 
0.001001 263 
0.001008 264 
0.000987 265 
0.001 266 
0.000999 267 
0.001003 268 
0.001911 269 
0.001078 270 
0.001006 271 
0.000999 272 
0.001074 273 
0.00101 274 
0.000993 275 
0.000999 276 
0.001004 277 
0.001001 278 
0.001011 279 
0.00099 280 
0.000997 281 
0.001932 282 
0.00198 283 
0.002 284 
0.002003 285 
0.000997 286 
0.000998 287 
0.001007 288 
0.000994 289 
0.001997 290 
0.000999 291 
0.002001 292 
0.002002 293 
0.002058 294 
0.001941 295 
0.001037 296 
0.000997 297 
0.001 298 
0.001999 299 
0.001006 300 
0.002 301 
0.001 302 
0.001 303 
0.000999 304 
0.000999 305 
0.001 306 
0.001 307 
0.001 308 
0.001 309 
0.002507 310 
0.001 311 
0.00099 312 
0.001 313 
0.000993 314 
0.003 315 
0.001998 316 
0.001001 317 
0.001999 318 
0.001 319 
0.001 320 
0.002001 321 
0.000999 322 
0.001 323 
0.002088 324 
0.002024 325 
0.002014 326 
0.00196 327 
0.002977 328 
0.002047 329 
0.002006 330 
0.001983 331 
0.00201 332 
0.001917 333 
0.002118 334 
0.001969 335 
0.002001 336 
0.000998 337 
0.000988 338 
0.001925 339 
0.003001 340 
0.002114 341 
0.000975 342 
0.001015 343 
0.001943 344 
0.003085 345 
0.001924 346 
0.002015 347 
0.00201 348 
0.001981 349 
0.001983 350 
0.001012 351 
0.001085 352 
0.002021 353 
0.002002 354 
0.00299 355 
0.002997 356 
0.002971 357 
0.003231 358 
0.002105 359 
0.001089 360 
0.002062 361 
0.002061 362 
0.001938 363 
0.002108 364 
0.000985 365 
0.002998 366 
0.002999 367 
0.001999 368 
0.002999 369 
0.003001 370 
0.003016 371 
0.003001 372 
0.002005 373 
0.001999 374 
0.003002 375 
0.002995 376 
0.002056 377 
0.001931 378 
0.002005 379 
0.003005 380 
0.002081 381 
0.001997 382 
0.002008 383 
0.002912 384 
0.001997 385 
0.003006 386 
0.001992 387 
0.002002 388 
0.001999 389 
0.002002 390 
0.004003 391 
0.002139 392 
0.001598 393 
0.002091 394 
0.001992 395 
0.002923 396 
0.003998 397 
0.003074 398 
0.003021 399 
0.002971 400 
0.003928 401 
0.002989 402 
0.002083 403 
0.003 404 
0.002016 405 
0.001983 406 
0.002974 407 
0.002993 408 
0.002016 409 
0.003 410 
0.002007 411 
0.002995 412 
0.002913 413 
0.003922 414 
0.003093 415 
0.003906 416 
0.006 417 
0.002088 418 
0.003001 419 
0.003035 420 
0.002974 421 
0.002999 422 
0.003 423 
0.002999 424 
0.00251 425 
0.003 426 
0.003 427 
0.002 428 
0.002 429 
0.003 430 
0.003009 431 
0.001993 432 
0.001999 433 
0.002995 434 
0.003 435 
0.003 436 
0.003 437 
0.003 438 
0.003003 439 
0.002999 440 
0.002998 441 
0.003 442 
0.003 443 
0.003004 444 
0.001998 445 
0.001994 446 
0.003 447 
0.003 448 
0.003 449 
0.004033 450 
0.002986 451 
0.004 452 
0.002005 453 
0.003 454 
0.004 455 
0.003 456 
0.002 457 
0.003511 458 
0.003 459 
0.004 460 
0.004 461 
0.003985 462 
0.002998 463 
0.004102 464 
0.004111 465 
0.003992 466 
0.002997 467 
0.003895 468 
0.002993 469 
0.003 470 
0.003 471 
0.002998 472 
0.003998 473 
0.003 474 
0.003 475 
0.003 476 
0.004004 477 
0.002998 478 
0.004999 479 
0.004001 480 
0.004002 481 
0.003 482 
0.003 483 
0.003513 484 
0.003 485 
0.002993 486 
0.003 487 
0.003 488 
0.002994 489 
0.007001 490 
0.004993 491 
0.005003 492 
0.004999 493 
0.003999 494 
0.004001 495 
0.005999 496 
0.005 497 
0.005 498 
0.004997 499 
0.003998 500 
0.006295 501 
0.005996 502 
0.005555 503 
0.004975 504 
0.004999 505 
0.003991 506 
0.004 507 
0.006997 508 
0.004998 509 
0.004975 510 
0.004002 511 
0.003999 512 
0.004001 513 
0.005997 514 
0.004993 515 
0.005001 516 
0.004974 517 
0.003999 518 
0.004024 519 
0.005982 520 
0.005582 521 
0.004028 522 
0.003999 523 
0.004002 524 
0.004 525 
0.003997 526 
0.005008 527 
0.003016 528 
0.003981 529 
0.003999 530 
0.003999 531 
0.004 532 
0.004 533 
0.005001 534 
0.005001 535 
0.005 536 
0.008001 537 
0.007 538 
0.007007 539 
0.004996 540 
0.006585 541 
0.008483 542 
0.005013 543 
0.007027 544 
0.006931 545 
0.007905 546 
0.008504 547 
0.005661 548 
0.006039 549 
0.005147 550 
0.006999 551 
0.005816 552 
0.004476 553 
0.004669 554 
0.005216 555 
0.005537 556 
0.005113 557 
0.004848 558 
0.006299 559 
0.005529 560 
0.004905 561 
0.006994 562 
0.003997 563 
0.003997 564 
0.006807 565 
0.005 566 
0.007001 567 
0.006015 568 
0.005026 569 
0.005001 570 
0.003999 571 
0.003551 572 
0.004982 573 
0.004993 574 
0.005 575 
0.006985 576 
0.007 577 
0.006106 578 
0.004971 579 
0.005014 580 
0.004917 581 
0.00699 582 
0.003998 583 
0.005 584 
0.005028 585 
0.004992 586 
0.007106 587 
0.004989 588 
0.005633 589 
0.00508 590 
0.005002 591 
0.005001 592 
0.009551 593 
0.006002 594 
0.005 595 
0.003996 596 
0.00491 597 
0.004939 598 
0.004987 599 
0.003999 600 
0.004912 601 
0.005075 602 
0.005 603 
0.005056 604 
0.007004 605 
0.005685 606 
0.005919 607 
0.006076 608 
0.004004 609 
0.004993 610 
0.007081 611 
0.006017 612 
0.004931 613 
0.005011 614 
0.004986 615 
0.006909 616 
0.005566 617 
0.004987 618 
0.005019 619 
0.005077 620 
0.004998 621 
0.004995 622 
0.0057 623 
0.004996 624 
0.006996 625 
0.007001 626 
0.006 627 
0.005 628 
0.008108 629 
0.005968 630 
0.006922 631 
0.005999 632 
0.038531 633 
0.010353 634 
0.008101 635 
0.005988 636 
0.007923 637 
0.005991 638 
0.006089 639 
0.006001 640 
0.004999 641 
0.005049 642 
0.006007 643 
0.006 644 
0.006099 645 
0.007282 646 
0.005699 647 
0.006989 648 
0.008006 649 
0.006018 650 
0.005983 651 
0.005996 652 
0.006005 653 
0.007966 654 
0.006002 655 
0.007003 656 
0.007059 657 
0.004986 658 
0.006093 659 
0.008 660 
0.0066 661 
0.006115 662 
0.008143 663 
0.008993 664 
0.007999 665 
0.011814 666 
0.008865 667 
0.005999 668 
0.006 669 
0.006002 670 
0.006081 671 
0.00912 672 
0.006644 673 
0.005985 674 
0.00599 675 
0.005995 676 
0.006 677 
0.005899 678 
0.007097 679 
0.005999 680 
0.00599 681 
0.009005 682 
0.008908 683 
0.007993 684 
0.008002 685 
0.007697 686 
0.006054 687 
0.006982 688 
0.007002 689 
0.008907 690 
0.007045 691 
0.00705 692 
0.006903 693 
0.006097 694 
0.007005 695 
0.00699 696 
0.009872 697 
0.006069 698 
0.005604 699 
0.008904 700 
0.006996 701 
0.005996 702 
0.007002 703 
0.010313 704 
0.008892 705 
0.006998 706 
0.008001 707 
0.009503 708 
0.008075 709 
0.007006 710 
0.006702 711 
0.005965 712 
0.006994 713 
0.006012 714 
0.006991 715 
0.007002 716 
0.006912 717 
0.009997 718 
0.009004 719 
0.006074 720 
0.01 721 
0.006998 722 
0.007505 723 
0.007 724 
0.008 725 
0.006997 726 
0.007 727 
0.006998 728 
0.006994 729 
0.006999 730 
0.007 731 
0.006994 732 
0.007003 733 
0.007997 734 
0.009508 735 
0.010099 736 
0.010901 737 
0.006998 738 
0.007999 739 
0.006999 740 
0.009247 741 
0.007 742 
0.011081 743 
0.008099 744 
0.007014 745 
0.007703 746 
0.007011 747 
0.007977 748 
0.008914 749 
0.009998 750 
0.008002 751 
0.007998 752 
0.010004 753 
0.007996 754 
0.007002 755 
0.008 756 
0.010108 757 
0.007998 758 
0.006999 759 
0.01012 760 
0.008077 761 
0.007971 762 
0.007991 763 
0.008 764 
0.009912 765 
0.011475 766 
0.012864 767 
0.010083 768 
0.007996 769 
0.007992 770 
0.012914 771 
0.008998 772 
0.008002 773 
0.013571 774 
0.008085 775 
0.009788 776 
0.007991 777 
0.008999 778 
0.008002 779 
0.008995 780 
0.009281 781 
0.015521 782 
0.007907 783 
0.010998 784 
0.007991 785 
0.009509 786 
0.007996 787 
0.007996 788 
0.01107 789 
0.01249 790 
0.010014 791 
0.007966 792 
0.008999 793 
0.009094 794 
0.012428 795 
0.007995 796 
0.008999 797 
0.009883 798 
0.008998 799 
0.01011 800 
0.011152 801 
0.009012 802 
0.008101 803 
0.010914 804 
0.009511 805 
0.009 806 
0.010999 807 
0.013243 808 
0.015005 809 
0.012061 810 
0.010999 811 
0.012001 812 
0.015112 813 
0.0125 814 
0.010719 815 
0.011372 816 
0.013606 817 
0.01364 818 
0.013119 819 
0.014417 820 
0.013949 821 
0.013642 822 
0.01213 823 
0.010011 824 
0.010089 825 
0.009082 826 
0.008996 827 
0.010672 828 
0.009082 829 
0.009027 830 
0.010003 831 
0.009907 832 
0.013015 833 
0.01101 834 
0.010122 835 
0.010973 836 
0.010095 837 
0.010013 838 
0.010002 839 
0.008904 840 
0.013904 841 
0.014998 842 
0.010047 843 
0.010994 844 
0.012083 845 
0.010009 846 
0.008992 847 
0.008917 848 
0.009997 849 
0.009003 850 
0.01398 851 
0.011001 852 
0.014484 853 
0.010913 854 
0.013082 855 
0.011084 856 
0.010078 857 
0.00992 858 
0.008969 859 
0.013091 860 
0.01068 861 
0.01045 862 
0.012336 863 
0.011998 864 
0.013008 865 
0.013109 866 
0.013111 867 
0.009991 868 
0.0101 869 
0.010993 870 
0.010907 871 
0.011006 872 
0.011139 873 
0.010015 874 
0.012001 875 
0.010007 876 
0.010707 877 
0.012927 878 
0.011011 879 
0.010997 880 
0.010025 881 
0.013897 882 
0.010994 883 
0.014117 884 
0.016597 885 
0.012903 886 
0.011998 887 
0.009999 888 
0.016105 889 
0.011005 890 
0.011119 891 
0.013653 892 
0.010995 893 
0.011 894 
0.011004 895 
0.010999 896 
0.015005 897 
0.013036 898 
0.013887 899 
0.011007 900 
0.011074 901 
0.011911 902 
0.010978 903 
0.012402 904 
0.01391 905 
0.012097 906 
0.012084 907 
0.012084 908 
0.015086 909 
0.013081 910 
0.010998 911 
0.012993 912 
0.013285 913 
0.011504 914 
0.015115 915 
0.01397 916 
0.013907 917 
0.011995 918 
0.012002 919 
0.014013 920 
0.012105 921 
0.013174 922 
0.011991 923 
0.013 924 
0.012001 925 
0.011992 926 
0.014008 927 
0.011512 928 
0.014 929 
0.01502 930 
0.01201 931 
0.016091 932 
0.011974 933 
0.012097 934 
0.014034 935 
0.014002 936 
0.019082 937 
0.019998 938 
0.015127 939 
0.012608 940 
0.012888 941 
0.016259 942 
0.013 943 
0.011998 944 
0.011995 945 
0.015007 946 
0.015632 947 
0.014558 948 
0.012003 949 
0.014003 950 
0.01291 951 
0.013085 952 
0.014092 953 
0.016516 954 
0.014096 955 
0.012988 956 
0.01791 957 
0.013099 958 
0.013897 959 
0.012502 960 
0.013002 961 
0.016236 962 
0.016006 963 
0.013913 964 
0.01428 965 
0.016795 966 
0.012997 967 
0.013001 968 
0.012919 969 
0.014548 970 
0.013917 971 
0.015985 972 
0.022162 973 
0.01792 974 
0.019511 975 
0.017067 976 
0.017862 977 
0.016209 978 
0.015458 979 
0.016568 980 
0.014082 981 
0.018129 982 
0.013704 983 
0.014003 984 
0.013947 985 
0.013001 986 
0.017916 987 
0.018258 988 
0.013694 989 
0.015945 990 
0.014984 991 
0.01399 992 
0.013001 993 
0.012996 994 
0.015098 995 
0.013092 996 
0.016987 997 
0.014994 998 
0.017335 999 
0.013968 1000 
